# Emphasize interior structures
0.0  0 0 0 0
0.1  0 0 0 0
0.11 0 0 0 .1
0.4  1 1 1 1
0.6  .5 .5 .5 .3
1.0  0 0 0 0

# Typical X-ray
0.0  0 0 0 0
0.1  0.1 0.1 0.1 0.05
0.4  0.2 0.2 0.2 0.15 
0.6  0.7 0.7 0.7 0.2
0.8  1 1 1 0.3
1.0  1 1 1 0.3

# X-ray minimal
0.0  0 0 0 0
0.1  0.1 0.1 0.1 0.05
1.0  1 1 1 0.5

# X-ray minimal alternative
0.0  0 0 0 0
0.1  1 1 1 0.05
1.0  1 1 1 0.5

# Cool looking inverse
0.0  0 0 0 0
0.05  1 1 1 0.05
0.3  1 1 1 0.5
0.4  0 0 0 0
1.0  0 0 0 0
